112112
112121
112211
112212
112213
112216
112218
112233
112234
112244
112245
112255
112256
112266
112267
112268
112269
112277
112278
112288
112298
112299
112323
112345
112468
112588
113322
113344
113456
113721
113888
114114
114118
114123
114133
114147
114163
114166
114168
114188
114218
114234
114321
114345
114365
114369
114388
114432
114456
114458
114518
114545
114558
114567
114588
114668
114678
114688
114728
114731
114789
114886
114888
114987
114988
115656
115678
115888
116688
116789
116888
117788
118114
118118
118123
118133
118147
118163
118166
118168
118188
118218
118234
118321
118345
118365
118369
118388
118432
118456
118458
118518
118558
118567
118588
118668
118678
118688
118731
118789
118811
118812
118813
118816
118818
118821
118822
118823
118833
118834
118844
118845
118848
118855
118856
118866
118867
118868
118869
118877
118878
118886
118888
118898
118899
118972
118987
118988
119876
119981
119988
121121
121122
121188
121211
121212
121213
121216
121218
121221
121223
121233
121234
121244
121245
121255
121256
121266
121267
121268
121269
121277
121278
121288
121298
121299
121313
121314
121357
121818
121888
122112
122113
122116
122118
122121
122122
122123
122133
122134
122144
122145
122155
122156
122166
122167
122168
122169
122177
122178
122188
122198
122199
122323
122345
122468
122588
123114
123118
123123
123133
123147
123163
123166
123168
123188
123218
123234
123321
123322
123344
123345
123365
123369
123388
123411
123412
123413
123416
123418
123421
123422
123423
123432
123433
123434
123445
123451
123452
123453
123454
123455
123456
123457
123458
123459
123466
123467
123468
123469
123477
123478
123488
123498
123499
123518
123558
123567
123588
123668
123678
123688
123721
123731
123789
123886
123888
123987
123988
124321
124545
124567
124728
125656
125678
125888
126688
126789
126888
127788
128844
128848
128888
128899
128972
129876
129981
129988
131122
131188
131212
131221
131234
131311
131312
131313
131314
131316
131318
131321
131322
131323
131334
131344
131345
131355
131356
131357
131366
131367
131368
131369
131377
131378
131388
131398
131399
131411
131412
131413
131416
131418
131421
131422
131423
131433
131434
131445
131455
131456
131466
131467
131468
131469
131477
131478
131488
131498
131499
131818
131888
132112
132121
132233
132323
132345
132468
132588
133114
133118
133123
133133
133147
133163
133166
133168
133188
133218
133234
133432
133456
133458
133518
133558
133567
133588
133668
133678
133688
133721
133731
133789
133886
133888
133987
133988
134321
134545
134567
134728
135656
135678
135711
135712
135713
135716
135718
135721
135722
135723
135733
135734
135744
135745
135755
135756
135766
135767
135768
135769
135778
135788
135798
135799
135888
136688
136789
136888
137788
138844
138848
138888
138899
138972
139876
139981
139988
145678
147114
147118
147123
147133
147147
147163
147166
147168
147188
147218
147234
147258
147321
147345
147365
147369
147388
147432
147456
147458
147518
147558
147567
147588
147668
147678
147688
147731
147789
147886
147888
147987
147988
154321
156789
159357
161122
161188
161212
161221
161234
161313
161314
161357
161818
161888
162112
162121
162233
162323
162345
162468
162588
163114
163118
163123
163133
163147
163163
163166
163168
163188
163218
163234
163321
163322
163344
163345
163365
163369
163388
163432
163456
163458
163518
163558
163567
163588
163668
163678
163688
163721
163731
163789
163886
163888
163987
163988
164321
164545
164567
164728
165656
165678
165888
166114
166118
166123
166133
166147
166163
166166
166168
166188
166218
166234
166321
166345
166365
166369
166388
166432
166456
166458
166518
166558
166567
166588
166731
166789
166886
166888
166987
166988
167788
168114
168118
168123
168133
168147
168163
168166
168168
168188
168218
168234
168321
168345
168365
168369
168388
168432
168456
168458
168518
168558
168567
168588
168668
168678
168688
168731
168789
168844
168848
168886
168888
168899
168972
168987
168988
169876
169981
169988
181122
181188
181212
181221
181234
181313
181314
181357
181811
181812
181813
181816
181818
181821
181822
181823
181833
181834
181844
181845
181855
181856
181866
181867
181868
181869
181877
181878
181888
181898
181899
182112
182121
182233
182323
182345
182468
182588
183322
183344
183456
183721
183888
184321
184545
184567
184728
185656
185678
185888
186688
186789
186888
187788
188114
188118
188123
188133
188147
188163
188166
188168
188188
188218
188234
188321
188345
188365
188369
188388
188432
188456
188458
188518
188558
188567
188588
188668
188678
188688
188731
188789
188811
188812
188813
188816
188818
188821
188822
188823
188833
188834
188844
188845
188848
188855
188856
188866
188867
188868
188869
188877
188878
188886
188888
188898
188899
188972
188987
188988
189876
189981
189988
195112
195113
195114
195115
195116
195117
195118
195119
195121
195122
195123
195124
195125
195126
195127
195128
195129
195131
195132
195133
195134
195135
195136
195137
195138
195139
195141
195142
195143
195144
195145
195146
195147
195148
195149
195151
195152
195153
195154
195155
195156
195157
195158
195159
195161
195162
195163
195164
195165
195166
195167
195168
195169
195171
195172
195173
195174
195175
195176
195177
195178
195179
195181
195182
195183
195184
195185
195186
195187
195188
195189
195191
195192
195193
195194
195195
195196
195197
195198
195199
195211
195212
195213
195214
195215
195216
195217
195218
195219
195221
195223
195224
195225
195226
195227
195228
195229
195231
195232
195233
195234
195235
195236
195237
195238
195239
195241
195242
195243
195244
195245
195246
195247
195248
195249
195251
195252
195253
195254
195255
195256
195257
195258
195259
195261
195262
195263
195264
195265
195266
195267
195268
195269
195271
195272
195273
195274
195275
195276
195277
195278
195279
195281
195282
195283
195284
195285
195286
195287
195288
195289
195291
195292
195293
195294
195295
195296
195297
195298
195299
195311
195312
195313
195314
195315
195316
195317
195318
195319
195321
195322
195323
195324
195325
195326
195327
195328
195329
195331
195332
195334
195335
195336
195337
195338
195339
195341
195342
195343
195344
195345
195346
195347
195348
195349
195351
195352
195353
195354
195355
195356
195357
195358
195359
195361
195362
195363
195364
195365
195366
195367
195368
195369
195371
195372
195373
195374
195375
195376
195377
195378
195379
195381
195382
195383
195384
195385
195386
195387
195388
195389
195391
195392
195393
195394
195395
195396
195397
195398
195399
195411
195412
195413
195414
195415
195416
195417
195418
195419
195421
195422
195423
195424
195425
195426
195427
195428
195429
195431
195432
195433
195434
195435
195436
195437
195438
195439
195441
195442
195443
195445
195446
195447
195448
195449
195451
195452
195453
195454
195455
195456
195457
195458
195459
195461
195462
195463
195464
195465
195466
195467
195468
195469
195471
195472
195473
195474
195475
195476
195477
195478
195479
195481
195482
195483
195484
195485
195486
195487
195488
195489
195491
195492
195493
195494
195495
195496
195497
195498
195499
195511
195512
195513
195514
195515
195516
195517
195518
195519
195521
195522
195523
195524
195525
195526
195527
195528
195529
195531
195532
195533
195534
195535
195536
195537
195538
195539
195541
195542
195543
195544
195545
195546
195547
195548
195549
195561
195562
195563
195564
195565
195566
195567
195568
195569
195571
195572
195573
195574
195575
195576
195577
195578
195579
195581
195582
195583
195584
195585
195586
195587
195588
195589
195591
195592
195593
195594
195595
195596
195597
195598
195599
195611
195612
195613
195614
195615
195616
195617
195618
195619
195621
195622
195623
195624
195625
195626
195627
195628
195629
195631
195632
195633
195634
195635
195636
195637
195638
195639
195641
195642
195643
195644
195645
195646
195647
195648
195649
195651
195652
195653
195654
195655
195656
195657
195658
195659
195661
195662
195663
195664
195665
195667
195668
195669
195671
195672
195673
195674
195675
195676
195677
195678
195679
195681
195682
195683
195684
195685
195686
195687
195688
195689
195691
195692
195693
195694
195695
195696
195697
195698
195699
195711
195712
195713
195714
195715
195716
195717
195718
195719
195721
195722
195723
195724
195725
195726
195727
195728
195729
195731
195732
195733
195734
195735
195736
195737
195738
195739
195741
195742
195743
195744
195745
195746
195747
195748
195749
195751
195752
195753
195754
195755
195756
195757
195758
195759
195761
195762
195763
195764
195765
195766
195767
195768
195769
195771
195772
195773
195774
195775
195776
195778
195779
195781
195782
195783
195784
195785
195786
195787
195788
195789
195791
195792
195793
195794
195795
195796
195797
195798
195799
195811
195812
195813
195814
195815
195816
195817
195818
195819
195821
195822
195823
195824
195825
195826
195827
195828
195829
195831
195832
195833
195834
195835
195836
195837
195838
195839
195841
195842
195843
195844
195845
195846
195847
195848
195849
195851
195852
195853
195854
195855
195856
195857
195858
195859
195861
195862
195863
195864
195865
195866
195867
195868
195869
195871
195872
195873
195874
195875
195876
195877
195878
195879
195881
195882
195883
195884
195885
195886
195887
195888
195889
195891
195892
195893
195894
195895
195896
195897
195898
195899
195911
195912
195913
195914
195915
195916
195917
195918
195919
195921
195922
195923
195924
195925
195926
195927
195928
195929
195931
195932
195933
195934
195935
195936
195937
195938
195939
195941
195942
195943
195944
195945
195946
195947
195948
195949
195951
195952
195953
195954
195955
195956
195957
195958
195959
195961
195962
195963
195964
195965
195966
195967
195968
195969
195971
195972
195973
195974
195975
195976
195977
195978
195979
195981
195982
195983
195984
195985
195986
195987
195988
195989
195991
195992
195993
195994
195995
195996
195997
195998
196112
196113
196114
196115
196116
196117
196118
196119
196121
196122
196123
196124
196125
196126
196127
196128
196129
196131
196132
196133
196134
196135
196136
196137
196138
196139
196141
196142
196143
196144
196145
196146
196147
196148
196149
196151
196152
196153
196154
196155
196156
196157
196158
196159
196161
196162
196163
196164
196165
196166
196167
196168
196169
196171
196172
196173
196174
196175
196176
196177
196178
196179
196181
196182
196183
196184
196185
196186
196187
196188
196189
196191
196192
196193
196194
196195
196196
196197
196198
196199
196211
196212
196213
196214
196215
196216
196217
196218
196219
196221
196223
196224
196225
196226
196227
196228
196229
196231
196232
196233
196234
196235
196236
196237
196238
196239
196241
196242
196243
196244
196245
196246
196247
196248
196249
196251
196252
196253
196254
196255
196256
196257
196258
196259
196261
196262
196263
196264
196265
196266
196267
196268
196269
196271
196272
196273
196274
196275
196276
196277
196278
196279
196281
196282
196283
196284
196285
196286
196287
196288
196289
196291
196292
196293
196294
196295
196296
196297
196298
196299
196311
196312
196313
196314
196315
196316
196317
196318
196319
196321
196322
196323
196324
196325
196326
196327
196328
196329
196331
196332
196334
196335
196336
196337
196338
196339
196341
196342
196343
196344
196345
196346
196347
196348
196349
196351
196352
196353
196354
196355
196356
196357
196358
196359
196361
196362
196363
196364
196365
196366
196367
196368
196369
196371
196372
196373
196374
196375
196376
196377
196378
196379
196381
196382
196383
196384
196385
196386
196387
196388
196389
196391
196392
196393
196394
196395
196396
196397
196398
196399
196411
196412
196413
196414
196415
196416
196417
196418
196419
196421
196422
196423
196424
196425
196426
196427
196428
196429
196431
196432
196433
196434
196435
196436
196437
196438
196439
196441
196442
196443
196445
196446
196447
196448
196449
196451
196452
196453
196454
196455
196456
196457
196458
196459
196461
196462
196463
196464
196465
196466
196467
196468
196469
196471
196472
196473
196474
196475
196476
196477
196478
196479
196481
196482
196483
196484
196485
196486
196487
196488
196489
196491
196492
196493
196494
196495
196496
196497
196498
196499
196511
196512
196513
196514
196515
196516
196517
196518
196519
196521
196522
196523
196524
196525
196526
196527
196528
196529
196531
196532
196533
196534
196535
196536
196537
196538
196539
196541
196542
196543
196544
196545
196546
196547
196548
196549
196551
196552
196553
196554
196556
196557
196558
196559
196561
196562
196563
196564
196565
196566
196567
196568
196569
196571
196572
196573
196574
196575
196576
196577
196578
196579
196581
196582
196583
196584
196585
196586
196587
196588
196589
196591
196592
196593
196594
196595
196596
196597
196598
196599
196611
196612
196613
196614
196615
196616
196617
196618
196619
196621
196622
196623
196624
196625
196626
196627
196628
196629
196631
196632
196633
196634
196635
196636
196637
196638
196639
196641
196642
196643
196644
196645
196646
196647
196648
196649
196651
196652
196653
196654
196655
196656
196657
196658
196659
196671
196672
196673
196674
196675
196676
196677
196678
196679
196681
196682
196683
196684
196685
196686
196687
196688
196689
196691
196692
196693
196694
196695
196696
196697
196698
196699
196711
196712
196713
196714
196715
196716
196717
196718
196719
196721
196722
196723
196724
196725
196726
196727
196728
196729
196731
196732
196733
196734
196735
196736
196737
196738
196739
196741
196742
196743
196744
196745
196746
196747
196748
196749
196751
196752
196753
196754
196755
196756
196757
196758
196759
196761
196762
196763
196764
196765
196766
196767
196768
196769
196771
196772
196773
196774
196775
196776
196778
196779
196781
196782
196783
196784
196785
196786
196787
196788
196789
196791
196792
196793
196794
196795
196796
196797
196798
196799
196811
196812
196813
196814
196815
196816
196817
196818
196819
196821
196822
196823
196824
196825
196826
196827
196828
196829
196831
196832
196833
196834
196835
196836
196837
196838
196839
196841
196842
196843
196844
196845
196846
196847
196848
196849
196851
196852
196853
196854
196855
196856
196857
196858
196859
196861
196862
196863
196864
196865
196866
196867
196868
196869
196871
196872
196873
196874
196875
196876
196877
196878
196879
196881
196882
196883
196884
196885
196886
196887
196888
196889
196891
196892
196893
196894
196895
196896
196897
196898
196899
196911
196912
196913
196914
196915
196916
196917
196918
196919
196921
196922
196923
196924
196925
196926
196927
196928
196929
196931
196932
196933
196934
196935
196936
196937
196938
196939
196941
196942
196943
196944
196945
196946
196947
196948
196949
196951
196952
196953
196954
196955
196956
196957
196958
196959
196961
196962
196963
196964
196965
196966
196967
196968
196969
196971
196972
196973
196974
196975
196976
196977
196978
196979
196981
196982
196983
196984
196985
196986
196987
196988
196989
196991
196992
196993
196994
196995
196996
196997
196998
197112
197113
197114
197115
197116
197117
197118
197119
197121
197122
197123
197124
197125
197126
197127
197128
197129
197131
197132
197133
197134
197135
197136
197137
197138
197139
197141
197142
197143
197144
197145
197146
197147
197148
197149
197151
197152
197153
197154
197155
197156
197157
197158
197159
197161
197162
197163
197164
197165
197166
197167
197168
197169
197171
197172
197173
197174
197175
197176
197177
197178
197179
197181
197182
197183
197184
197185
197186
197187
197188
197189
197191
197192
197193
197194
197195
197196
197197
197198
197199
197211
197212
197213
197214
197215
197216
197217
197218
197219
197221
197223
197224
197225
197226
197227
197228
197229
197231
197232
197233
197234
197235
197236
197237
197238
197239
197241
197242
197243
197244
197245
197246
197247
197248
197249
197251
197252
197253
197254
197255
197256
197257
197258
197259
197261
197262
197263
197264
197265
197266
197267
197268
197269
197271
197272
197273
197274
197275
197276
197277
197278
197279
197281
197282
197283
197284
197285
197286
197287
197288
197289
197291
197292
197293
197294
197295
197296
197297
197298
197299
197311
197312
197313
197314
197315
197316
197317
197318
197319
197321
197322
197323
197324
197325
197326
197327
197328
197329
197331
197332
197334
197335
197336
197337
197338
197339
197341
197342
197343
197344
197345
197346
197347
197348
197349
197351
197352
197353
197354
197355
197356
197357
197358
197359
197361
197362
197363
197364
197365
197366
197367
197368
197369
197371
197372
197373
197374
197375
197376
197377
197378
197379
197381
197382
197383
197384
197385
197386
197387
197388
197389
197391
197392
197393
197394
197395
197396
197397
197398
197399
197411
197412
197413
197414
197415
197416
197417
197418
197419
197421
197422
197423
197424
197425
197426
197427
197428
197429
197431
197432
197433
197434
197435
197436
197437
197438
197439
197441
197442
197443
197445
197446
197447
197448
197449
197451
197452
197453
197454
197455
197456
197457
197458
197459
197461
197462
197463
197464
197465
197466
197467
197468
197469
197471
197472
197473
197474
197475
197476
197477
197478
197479
197481
197482
197483
197484
197485
197486
197487
197488
197489
197491
197492
197493
197494
197495
197496
197497
197498
197499
197511
197512
197513
197514
197515
197516
197517
197518
197519
197521
197522
197523
197524
197525
197526
197527
197528
197529
197531
197532
197533
197534
197535
197536
197537
197538
197539
197541
197542
197543
197544
197545
197546
197547
197548
197549
197551
197552
197553
197554
197556
197557
197558
197559
197561
197562
197563
197564
197565
197566
197567
197568
197569
197571
197572
197573
197574
197575
197576
197577
197578
197579
197581
197582
197583
197584
197585
197586
197587
197588
197589
197591
197592
197593
197594
197595
197596
197597
197598
197599
197611
197612
197613
197614
197615
197616
197617
197618
197619
197621
197622
197623
197624
197625
197626
197627
197628
197629
197631
197632
197633
197634
197635
197636
197637
197638
197639
197641
197642
197643
197644
197645
197646
197647
197648
197649
197651
197652
197653
197654
197655
197656
197657
197658
197659
197661
197662
197663
197664
197665
197667
197668
197669
197671
197672
197673
197674
197675
197676
197677
197678
197679
197681
197682
197683
197684
197685
197686
197687
197688
197689
197691
197692
197693
197694
197695
197696
197697
197698
197699
197711
197712
197713
197714
197715
197716
197717
197718
197719
197721
197722
197723
197724
197725
197726
197727
197728
197729
197731
197732
197733
197734
197735
197736
197737
197738
197739
197741
197742
197743
197744
197745
197746
197747
197748
197749
197751
197752
197753
197754
197755
197756
197757
197758
197759
197761
197762
197763
197764
197765
197766
197767
197768
197769
197781
197782
197783
197784
197785
197786
197787
197788
197789
197791
197792
197793
197794
197795
197796
197797
197798
197799
197811
197812
197813
197814
197815
197816
197817
197818
197819
197821
197822
197823
197824
197825
197826
197827
197828
197829
197831
197832
197833
197834
197835
197836
197837
197838
197839
197841
197842
197843
197844
197845
197846
197847
197848
197849
197851
197852
197853
197854
197855
197856
197857
197858
197859
197861
197862
197863
197864
197865
197866
197867
197868
197869
197871
197872
197873
197874
197875
197876
197877
197878
197879
197881
197882
197883
197884
197885
197886
197887
197888
197889
197891
197892
197893
197894
197895
197896
197897
197898
197899
197911
197912
197913
197914
197915
197916
197917
197918
197919
197921
197922
197923
197924
197925
197926
197927
197928
197929
197931
197932
197933
197934
197935
197936
197937
197938
197939
197941
197942
197943
197944
197945
197946
197947
197948
197949
197951
197952
197953
197954
197955
197956
197957
197958
197959
197961
197962
197963
197964
197965
197966
197967
197968
197969
197971
197972
197973
197974
197975
197976
197977
197978
197979
197981
197982
197983
197984
197985
197986
197987
197988
197989
197991
197992
197993
197994
197995
197996
197997
197998
198112
198113
198114
198115
198116
198117
198118
198119
198121
198122
198123
198124
198125
198126
198127
198128
198129
198131
198132
198133
198134
198135
198136
198137
198138
198139
198141
198142
198143
198144
198145
198146
198147
198148
198149
198151
198152
198153
198154
198155
198156
198157
198158
198159
198161
198162
198163
198164
198165
198166
198167
198168
198169
198171
198172
198173
198174
198175
198176
198177
198178
198179
198181
198182
198183
198184
198185
198186
198187
198188
198189
198191
198192
198193
198194
198195
198196
198197
198198
198199
198211
198212
198213
198214
198215
198216
198217
198218
198219
198221
198223
198224
198225
198226
198227
198228
198229
198231
198232
198233
198234
198235
198236
198237
198238
198239
198241
198242
198243
198244
198245
198246
198247
198248
198249
198251
198252
198253
198254
198255
198256
198257
198258
198259
198261
198262
198263
198264
198265
198266
198267
198268
198269
198271
198272
198273
198274
198275
198276
198277
198278
198279
198281
198282
198283
198284
198285
198286
198287
198288
198289
198291
198292
198293
198294
198295
198296
198297
198298
198299
198311
198312
198313
198314
198315
198316
198317
198318
198319
198321
198322
198323
198324
198325
198326
198327
198328
198329
198331
198332
198334
198335
198336
198337
198338
198339
198341
198342
198343
198344
198345
198346
198347
198348
198349
198351
198352
198353
198354
198355
198356
198357
198358
198359
198361
198362
198363
198364
198365
198366
198367
198368
198369
198371
198372
198373
198374
198375
198376
198377
198378
198379
198381
198382
198383
198384
198385
198386
198387
198388
198389
198391
198392
198393
198394
198395
198396
198397
198398
198399
198411
198412
198413
198414
198415
198416
198417
198418
198419
198421
198422
198423
198424
198425
198426
198427
198428
198429
198431
198432
198433
198434
198435
198436
198437
198438
198439
198441
198442
198443
198445
198446
198447
198448
198449
198451
198452
198453
198454
198455
198456
198457
198458
198459
198461
198462
198463
198464
198465
198466
198467
198468
198469
198471
198472
198473
198474
198475
198476
198477
198478
198479
198481
198482
198483
198484
198485
198486
198487
198488
198489
198491
198492
198493
198494
198495
198496
198497
198498
198499
198511
198512
198513
198514
198515
198516
198517
198518
198519
198521
198522
198523
198524
198525
198526
198527
198528
198529
198531
198532
198533
198534
198535
198536
198537
198538
198539
198541
198542
198543
198544
198545
198546
198547
198548
198549
198551
198552
198553
198554
198556
198557
198558
198559
198561
198562
198563
198564
198565
198566
198567
198568
198569
198571
198572
198573
198574
198575
198576
198577
198578
198579
198581
198582
198583
198584
198585
198586
198587
198588
198589
198591
198592
198593
198594
198595
198596
198597
198598
198599
198611
198612
198613
198614
198615
198616
198617
198618
198619
198621
198622
198623
198624
198625
198626
198627
198628
198629
198631
198632
198633
198634
198635
198636
198637
198638
198639
198641
198642
198643
198644
198645
198646
198647
198648
198649
198651
198652
198653
198654
198655
198656
198657
198658
198659
198661
198662
198663
198664
198665
198667
198668
198669
198671
198672
198673
198674
198675
198676
198677
198678
198679
198681
198682
198683
198684
198685
198686
198687
198688
198689
198691
198692
198693
198694
198695
198696
198697
198698
198699
198711
198712
198713
198714
198715
198716
198717
198718
198719
198721
198722
198723
198724
198725
198726
198727
198728
198729
198731
198732
198733
198734
198735
198736
198737
198738
198739
198741
198742
198743
198744
198745
198746
198747
198748
198749
198751
198752
198753
198754
198755
198756
198757
198758
198759
198761
198762
198763
198764
198765
198766
198767
198768
198769
198771
198772
198773
198774
198775
198776
198778
198779
198781
198782
198783
198784
198785
198786
198787
198788
198789
198791
198792
198793
198794
198795
198796
198797
198798
198799
198811
198812
198813
198814
198815
198816
198817
198818
198819
198821
198822
198823
198824
198825
198826
198827
198828
198829
198831
198832
198833
198834
198835
198836
198837
198838
198839
198841
198842
198843
198844
198845
198846
198847
198848
198849
198851
198852
198853
198854
198855
198856
198857
198858
198859
198861
198862
198863
198864
198865
198866
198867
198868
198869
198871
198872
198873
198874
198875
198876
198877
198878
198879
198881
198882
198883
198884
198885
198886
198887
198888
198889
198891
198892
198893
198894
198895
198896
198897
198898
198899
198911
198912
198913
198914
198915
198916
198917
198918
198919
198921
198922
198923
198924
198925
198926
198927
198928
198929
198931
198932
198933
198934
198935
198936
198937
198938
198939
198941
198942
198943
198944
198945
198946
198947
198948
198949
198951
198952
198953
198954
198955
198956
198957
198958
198959
198961
198962
198963
198964
198965
198966
198967
198968
198969
198971
198972
198973
198974
198975
198976
198977
198978
198979
198981
198982
198983
198984
198985
198986
198987
198988
198989
198991
198992
198993
198994
198995
198996
198997
198998
199112
199113
199114
199115
199116
199117
199118
199119
199121
199122
199123
199124
199125
199126
199127
199128
199129
199131
199132
199133
199134
199135
199136
199137
199138
199139
199141
199142
199143
199144
199145
199146
199147
199148
199149
199151
199152
199153
199154
199155
199156
199157
199158
199159
199161
199162
199163
199164
199165
199166
199167
199168
199169
199171
199172
199173
199174
199175
199176
199177
199178
199179
199181
199182
199183
199184
199185
199186
199187
199188
199189
199191
199192
199193
199194
199195
199196
199197
199198
199199
199211
199212
199213
199214
199215
199216
199217
199218
199219
199221
199223
199224
199225
199226
199227
199228
199229
199231
199232
199233
199234
199235
199236
199237
199238
199239
199241
199242
199243
199244
199245
199246
199247
199248
199249
199251
199252
199253
199254
199255
199256
199257
199258
199259
199261
199262
199263
199264
199265
199266
199267
199268
199269
199271
199272
199273
199274
199275
199276
199277
199278
199279
199281
199282
199283
199284
199285
199286
199287
199288
199289
199291
199292
199293
199294
199295
199296
199297
199298
199299
199311
199312
199313
199314
199315
199316
199317
199318
199319
199321
199322
199323
199324
199325
199326
199327
199328
199329
199331
199332
199334
199335
199336
199337
199338
199339
199341
199342
199343
199344
199345
199346
199347
199348
199349
199351
199352
199353
199354
199355
199356
199357
199358
199359
199361
199362
199363
199364
199365
199366
199367
199368
199369
199371
199372
199373
199374
199375
199376
199377
199378
199379
199381
199382
199383
199384
199385
199386
199387
199388
199389
199391
199392
199393
199394
199395
199396
199397
199398
199399
199411
199412
199413
199414
199415
199416
199417
199418
199419
199421
199422
199423
199424
199425
199426
199427
199428
199429
199431
199432
199433
199434
199435
199436
199437
199438
199439
199441
199442
199443
199445
199446
199447
199448
199449
199451
199452
199453
199454
199455
199456
199457
199458
199459
199461
199462
199463
199464
199465
199466
199467
199468
199469
199471
199472
199473
199474
199475
199476
199477
199478
199479
199481
199482
199483
199484
199485
199486
199487
199488
199489
199491
199492
199493
199494
199495
199496
199497
199498
199499
199511
199512
199513
199514
199515
199516
199517
199518
199519
199521
199522
199523
199524
199525
199526
199527
199528
199529
199531
199532
199533
199534
199535
199536
199537
199538
199539
199541
199542
199543
199544
199545
199546
199547
199548
199549
199551
199552
199553
199554
199556
199557
199558
199559
199561
199562
199563
199564
199565
199566
199567
199568
199569
199571
199572
199573
199574
199575
199576
199577
199578
199579
199581
199582
199583
199584
199585
199586
199587
199588
199589
199591
199592
199593
199594
199595
199596
199597
199598
199599
199611
199612
199613
199614
199615
199616
199617
199618
199619
199621
199622
199623
199624
199625
199626
199627
199628
199629
199631
199632
199633
199634
199635
199636
199637
199638
199639
199641
199642
199643
199644
199645
199646
199647
199648
199649
199651
199652
199653
199654
199655
199656
199657
199658
199659
199661
199662
199663
199664
199665
199667
199668
199669
199671
199672
199673
199674
199675
199676
199677
199678
199679
199681
199682
199683
199684
199685
199686
199687
199688
199689
199691
199692
199693
199694
199695
199696
199697
199698
199699
199711
199712
199713
199714
199715
199716
199717
199718
199719
199721
199722
199723
199724
199725
199726
199727
199728
199729
199731
199732
199733
199734
199735
199736
199737
199738
199739
199741
199742
199743
199744
199745
199746
199747
199748
199749
199751
199752
199753
199754
199755
199756
199757
199758
199759
199761
199762
199763
199764
199765
199766
199767
199768
199769
199771
199772
199773
199774
199775
199776
199778
199779
199781
199782
199783
199784
199785
199786
199787
199788
199789
199791
199792
199793
199794
199795
199796
199797
199798
199799
199811
199812
199813
199814
199815
199816
199817
199818
199819
199821
199822
199823
199824
199825
199826
199827
199828
199829
199831
199832
199833
199834
199835
199836
199837
199838
199839
199841
199842
199843
199844
199845
199846
199847
199848
199849
199851
199852
199853
199854
199855
199856
199857
199858
199859
199861
199862
199863
199864
199865
199866
199867
199868
199869
199871
199872
199873
199874
199875
199876
199877
199878
199879
199881
199882
199883
199884
199885
199886
199887
199888
199889
199891
199892
199893
199894
199895
199896
199897
199898
199899
211211
211212
211213
211216
211218
211221
211223
211233
211234
211244
211245
211255
211256
211266
211267
211268
211269
211277
211278
211288
211298
211299
211313
211314
211357
211818
211888
212112
212113
212116
212118
212121
212122
212123
212133
212134
212144
212145
212155
212156
212166
212167
212168
212169
212177
212178
212188
212198
212199
212233
212323
212345
212468
212588
213322
213344
213456
213721
213888
214321
214545
214567
214728
215656
215678
215888
216688
216789
216888
217788
218114
218118
218123
218133
218147
218163
218166
218168
218188
218218
218234
218321
218345
218365
218369
218388
218432
218456
218458
218518
218558
218567
218588
218668
218678
218688
218731
218789
218844
218848
218886
218888
218899
218972
218987
218988
219876
219981
219988
221122
221188
221212
221221
221234
221313
221314
221357
221818
221888
223311
223312
223313
223316
223318
223321
223322
223323
223344
223345
223355
223356
223366
223367
223368
223369
223377
223378
223388
223398
223399
223456
223721
223888
224321
224545
224567
224728
225656
225678
225888
226688
226789
226888
227788
228844
228848
228888
228899
228972
229876
229981
229988
231122
231188
231212
231221
231234
231313
231314
231357
231818
231888
232112
232121
232233
232311
232312
232313
232316
232318
232321
232322
232323
232334
232344
232345
232355
232356
232366
232367
232368
232369
232377
232378
232388
232398
232399
232468
232588
233456
233721
233888
234114
234118
234123
234133
234147
234163
234166
234168
234188
234218
234234
234321
234345
234365
234369
234388
234432
234456
234458
234511
234512
234513
234516
234518
234521
234522
234523
234533
234534
234544
234545
234556
234558
234561
234562
234563
234564
234565
234566
234567
234568
234569
234577
234578
234588
234598
234599
234668
234678
234688
234728
234731
234789
234886
234888
234987
234988
235656
235678
235888
236688
236789
236888
237788
238844
238848
238888
238899
238972
239876
239981
239988
245678
246811
246812
246813
246816
246818
246821
246822
246823
246833
246834
246844
246845
246855
246856
246866
246867
246868
246869
246877
246878
246888
246898
246899
254321
256789
258811
258812
258813
258816
258818
258821
258822
258823
258833
258834
258844
258845
258855
258856
258866
258867
258868
258869
258877
258878
258888
258898
258899
288888
298765
312345
321123
321133
321147
321163
321166
321168
321188
321218
321234
321321
321345
321365
321369
321388
321432
321456
321458
321518
321558
321567
321588
321668
321678
321688
321731
321789
321886
321888
321987
321988
323456
331122
331188
331212
331221
331234
331313
331314
331357
331818
331888
332112
332121
332211
332212
332213
332216
332218
332233
332234
332244
332245
332255
332256
332266
332267
332268
332269
332277
332278
332288
332298
332299
332323
332345
332468
332588
334321
334411
334412
334413
334416
334418
334421
334422
334423
334433
334434
334455
334456
334466
334467
334468
334469
334477
334478
334488
334498
334499
334545
334567
334728
335656
335678
335888
336688
336789
336888
337788
338844
338848
338888
338899
338972
339876
339981
339988
341122
341188
341212
341221
341234
341313
341314
341357
341818
341888
342112
342121
342233
342323
342345
342468
342588
343322
343344
343456
343721
343888
344321
344545
344567
344728
345114
345118
345123
345133
345147
345163
345166
345168
345188
345218
345234
345321
345345
345365
345369
345388
345432
345456
345458
345518
345567
345588
345611
345612
345613
345616
345618
345621
345622
345623
345633
345634
345644
345645
345655
345656
345667
345668
345669
345671
345672
345673
345674
345675
345676
345677
345678
345679
345688
345698
345699
345731
345789
345886
345888
345987
345988
346688
346789
346888
347788
348844
348848
348888
348899
348972
349876
349981
349988
354321
356789
365114
365118
365123
365133
365147
365163
365166
365168
365188
365218
365234
365321
365345
365365
365369
365388
365432
365456
365458
365518
365567
365588
365668
365678
365688
365731
365789
365886
365888
365987
365988
369114
369118
369123
369133
369147
369163
369166
369168
369188
369218
369234
369321
369345
369365
369369
369388
369432
369456
369458
369518
369558
369567
369588
369668
369678
369688
369731
369789
369886
369888
369987
369988
372112
372113
372116
372118
372121
372122
372123
372133
372134
372144
372145
372155
372156
372166
372167
372168
372169
372177
372178
372188
372198
372199
388114
388118
388123
388133
388147
388163
388166
388168
388188
388218
388234
388321
388345
388365
388369
388388
388432
388456
388458
388518
388558
388567
388588
388668
388678
388688
388731
388789
388811
388812
388813
388816
388818
388821
388822
388823
388833
388834
388844
388845
388855
388856
388866
388867
388868
388869
388877
388878
388886
388888
388898
388899
388987
388988
398765
412345
423456
432112
432113
432114
432116
432118
432121
432122
432123
432133
432134
432144
432145
432147
432155
432156
432163
432166
432167
432168
432169
432177
432178
432188
432198
432199
432218
432234
432321
432345
432365
432369
432388
432432
432456
432458
432518
432558
432567
432588
432668
432678
432688
432731
432789
432886
432888
432987
432988
434567
441122
441188
441212
441221
441234
441313
441314
441357
441818
441888
442112
442121
442233
442323
442345
442468
442588
443322
443344
443456
443721
443888
445656
445678
445888
446688
446789
446888
447788
448844
448848
448888
448899
448972
449876
449981
449988
451122
451188
451212
451221
451234
451313
451314
451357
451818
451888
452112
452121
452233
452323
452345
452468
452588
453322
453344
453456
453721
453888
454321
454511
454512
454513
454516
454518
454521
454522
454523
454533
454534
454544
454545
454556
454566
454567
454568
454569
454577
454578
454588
454598
454599
454728
455656
455678
455888
456114
456118
456123
456133
456147
456163
456166
456168
456188
456218
456234
456321
456345
456365
456369
456388
456432
456456
456458
456518
456558
456567
456588
456678
456688
456711
456712
456713
456716
456718
456721
456722
456723
456731
456733
456734
456744
456745
456755
456756
456766
456767
456768
456769
456778
456781
456782
456783
456784
456785
456786
456787
456788
456789
456798
456799
456886
456888
456987
456988
457788
458114
458118
458123
458133
458147
458163
458166
458168
458188
458218
458234
458321
458345
458365
458369
458388
458432
458456
458458
458518
458558
458567
458588
458668
458678
458688
458731
458789
458844
458848
458886
458888
458899
458972
458987
458988
459876
459981
459988
472811
472812
472813
472816
472818
472821
472822
472823
472833
472834
472844
472845
472855
472856
472866
472867
472868
472869
472877
472878
472888
472898
472899
488888
498765
511211
511212
511213
511214
511215
511216
511217
511218
511219
511221
511223
511224
511225
511226
511227
511228
511229
511231
512345
518114
518118
518123
518133
518147
518163
518166
518168
518188
518218
518234
518321
518345
518365
518369
518388
518432
518456
518458
518518
518558
518567
518588
518668
518678
518688
518731
518789
518886
518888
518987
518988
521121
521122
521123
521124
521125
521126
521127
521128
521129
521211
521212
521213
521214
521215
521216
521217
521218
521219
521221
521223
521224
521225
521226
521227
521228
521229
521231
523456
531121
531122
531123
531124
531125
531126
531127
531128
531129
531211
531212
531213
531214
531215
531216
531217
531218
531219
531221
531223
531224
531225
531226
531227
531228
531229
531231
534567
541121
541122
541123
541124
541125
541126
541127
541128
541129
541211
541212
541213
541214
541215
541216
541217
541218
541219
541221
541223
541224
541225
541226
541227
541228
541229
541231
543211
543212
543213
543214
543215
543216
543217
543218
543219
545678
551121
551122
551123
551124
551125
551126
551127
551128
551129
551188
551211
551212
551213
551214
551215
551216
551217
551218
551219
551221
551223
551224
551225
551226
551227
551228
551229
551231
551234
551313
551314
551357
551818
551888
552112
552121
552233
552323
552345
552468
552588
553322
553344
553456
553721
553888
554321
554545
554567
554728
556688
556789
556888
557788
558114
558118
558123
558133
558147
558163
558166
558168
558188
558218
558234
558321
558345
558365
558369
558388
558432
558456
558458
558518
558558
558567
558588
558668
558678
558688
558731
558789
558844
558848
558886
558888
558899
558972
558987
558988
559876
559981
559988
561121
561122
561123
561124
561125
561126
561127
561128
561129
561188
561211
561212
561213
561214
561215
561216
561217
561218
561219
561221
561223
561224
561225
561226
561227
561228
561229
561231
561234
561313
561314
561357
561818
561888
562112
562121
562233
562323
562345
562468
562588
563322
563344
563456
563721
563888
564321
564545
564567
564728
565611
565612
565613
565616
565618
565621
565622
565623
565633
565634
565644
565645
565655
565656
565667
565668
565669
565677
565678
565688
565698
565699
565888
566789
566888
567114
567118
567123
567133
567147
567163
567166
567168
567188
567218
567234
567321
567345
567365
567369
567388
567432
567456
567458
567518
567558
567567
567588
567668
567678
567688
567731
567788
567789
567811
567812
567813
567816
567818
567821
567822
567823
567833
567834
567844
567845
567855
567856
567866
567867
567868
567869
567877
567878
567886
567888
567891
567892
567893
567894
567895
567896
567897
567898
567899
567987
567988
568844
568848
568888
568899
568972
569876
569981
569988
571121
571122
571123
571124
571125
571126
571127
571128
571129
571211
571212
571213
571214
571215
571216
571217
571218
571219
571221
571223
571224
571225
571226
571227
571228
571229
571231
581121
581122
581123
581124
581125
581126
581127
581128
581129
581211
581212
581213
581214
581215
581216
581217
581218
581219
581221
581223
581224
581225
581226
581227
581228
581229
581231
588114
588118
588123
588133
588147
588163
588166
588168
588188
588218
588234
588321
588345
588365
588369
588388
588432
588456
588458
588518
588558
588567
588588
588668
588678
588688
588731
588789
588811
588812
588813
588816
588818
588821
588822
588823
588833
588834
588844
588845
588855
588856
588866
588867
588868
588869
588877
588878
588886
588888
588898
588899
588987
588988
591121
591122
591123
591124
591125
591126
591127
591128
591129
591211
591212
591213
591214
591215
591216
591217
591218
591219
591221
591223
591224
591225
591226
591227
591228
591229
591231
598765
611211
611212
611213
611214
611215
611216
611217
611218
611219
611221
611223
611224
611225
611226
611227
611228
611229
611231
612345
621121
621122
621123
621124
621125
621126
621127
621128
621129
621211
621212
621213
621214
621215
621216
621217
621218
621219
621221
621223
621224
621225
621226
621227
621228
621229
621231
623456
631121
631122
631123
631124
631125
631126
631127
631128
631129
631211
631212
631213
631214
631215
631216
631217
631218
631219
631221
631223
631224
631225
631226
631227
631228
631229
631231
634567
641121
641122
641123
641124
641125
641126
641127
641128
641129
641211
641212
641213
641214
641215
641216
641217
641218
641219
641221
641223
641224
641225
641226
641227
641228
641229
641231
645678
651121
651122
651123
651124
651125
651126
651127
651128
651129
651211
651212
651213
651214
651215
651216
651217
651218
651219
651221
651223
651224
651225
651226
651227
651228
651229
651231
654321
656789
661121
661122
661123
661124
661125
661126
661127
661128
661129
661188
661211
661212
661213
661214
661215
661216
661217
661218
661219
661221
661223
661224
661225
661226
661227
661228
661229
661231
661234
661313
661314
661357
661818
661888
662112
662121
662233
662323
662345
662468
662588
663322
663344
663456
663721
663888
664321
664545
664567
664728
665656
665678
665888
667788
668114
668118
668123
668133
668147
668163
668166
668168
668188
668218
668234
668321
668345
668365
668369
668388
668432
668456
668458
668518
668558
668567
668588
668668
668678
668688
668731
668789
668811
668812
668813
668816
668818
668821
668822
668823
668833
668834
668844
668845
668848
668855
668856
668866
668867
668868
668869
668877
668878
668886
668888
668898
668899
668972
668987
668988
669876
669981
669988
671121
671122
671123
671124
671125
671126
671127
671128
671129
671188
671211
671212
671213
671214
671215
671216
671217
671218
671219
671221
671223
671224
671225
671226
671227
671228
671229
671231
671234
671313
671314
671357
671818
671888
672112
672121
672233
672323
672345
672468
672588
673322
673344
673456
673721
673888
674321
674545
674567
674728
675656
675678
675888
676688
676789
676888
678114
678118
678123
678133
678147
678163
678166
678168
678188
678218
678234
678321
678345
678365
678369
678388
678432
678456
678458
678518
678558
678567
678588
678668
678678
678688
678731
678789
678844
678848
678886
678888
678899
678911
678912
678913
678916
678918
678921
678922
678923
678933
678934
678944
678945
678955
678956
678966
678967
678968
678969
678972
678977
678978
678987
678988
678998
679876
679981
679988
681121
681122
681123
681124
681125
681126
681127
681128
681129
681188
681211
681212
681213
681214
681215
681216
681217
681218
681219
681221
681223
681224
681225
681226
681227
681228
681229
681231
681234
681313
681314
681357
681818
681888
682112
682121
682233
682323
682345
682468
682588
683322
683344
683456
683721
683888
684321
684545
684567
684728
685656
685678
685888
686688
686789
686888
687788
688114
688118
688123
688133
688147
688163
688166
688168
688188
688218
688234
688321
688345
688365
688369
688388
688432
688456
688458
688518
688558
688567
688588
688668
688678
688688
688731
688789
688811
688812
688813
688816
688818
688821
688822
688823
688833
688834
688844
688845
688848
688855
688856
688866
688867
688868
688869
688877
688878
688886
688888
688898
688899
688972
688987
688988
689876
689981
689988
691121
691122
691123
691124
691125
691126
691127
691128
691129
691188
691211
691212
691213
691214
691215
691216
691217
691218
691219
691221
691223
691224
691225
691226
691227
691228
691229
691231
691234
691313
691314
691357
691818
691888
692112
692121
692233
692323
692345
692468
692588
693322
693344
693456
693721
693888
694321
694545
694567
694728
695656
695678
695888
696688
696789
696888
697788
698765
698844
698848
698888
698899
698972
699876
711211
711212
711213
711214
711215
711216
711217
711218
711219
711221
711223
711224
711225
711226
711227
711228
711229
711231
712345
721121
721122
721123
721124
721125
721126
721127
721128
721129
721211
721212
721213
721214
721215
721216
721217
721218
721219
721221
721223
721224
721225
721226
721227
721228
721229
721231
723456
731121
731122
731123
731124
731125
731126
731127
731128
731129
731133
731147
731163
731166
731168
731188
731211
731212
731213
731214
731215
731216
731217
731218
731219
731221
731223
731224
731225
731226
731227
731228
731229
731231
731234
731321
731345
731365
731369
731388
731432
731456
731458
731518
731558
731567
731588
731668
731678
731688
731731
731789
731886
731888
731987
731988
734567
741121
741122
741123
741124
741125
741126
741127
741128
741129
741211
741212
741213
741214
741215
741216
741217
741218
741219
741221
741223
741224
741225
741226
741227
741228
741229
741231
745678
751121
751122
751123
751124
751125
751126
751127
751128
751129
751211
751212
751213
751214
751215
751216
751217
751218
751219
751221
751223
751224
751225
751226
751227
751228
751229
751231
754321
756789
761121
761122
761123
761124
761125
761126
761127
761128
761129
761211
761212
761213
761214
761215
761216
761217
761218
761219
761221
761223
761224
761225
761226
761227
761228
761229
761231
771121
771122
771123
771124
771125
771126
771127
771128
771129
771188
771211
771212
771213
771214
771215
771216
771217
771218
771219
771221
771223
771224
771225
771226
771227
771228
771229
771231
771234
771313
771314
771357
771818
771888
772112
772121
772233
772323
772345
772468
772588
773322
773344
773456
773721
773888
774321
774545
774567
774728
775656
775678
775888
776688
776789
776888
778811
778812
778813
778816
778818
778821
778822
778823
778833
778834
778844
778845
778848
778855
778856
778866
778867
778868
778869
778877
778878
778888
778898
778899
778972
779876
779981
779988
781121
781122
781123
781124
781125
781126
781127
781128
781129
781188
781211
781212
781213
781214
781215
781216
781217
781218
781219
781221
781223
781224
781225
781226
781227
781228
781229
781231
781234
781313
781314
781357
781818
781888
782112
782121
782233
782323
782345
782468
782588
783322
783344
783456
783721
783888
784321
784545
784567
784728
785656
785678
785888
786688
786789
786888
787788
788844
788848
788888
788899
788972
789114
789118
789123
789133
789147
789163
789166
789168
789188
789218
789234
789321
789345
789365
789369
789388
789432
789456
789458
789518
789558
789567
789588
789668
789678
789688
789731
789789
789876
789886
789888
789981
789987
789988
791121
791122
791123
791124
791125
791126
791127
791128
791129
791211
791212
791213
791214
791215
791216
791217
791218
791219
791221
791223
791224
791225
791226
791227
791228
791229
791231
798765
811211
811212
811213
811214
811215
811216
811217
811218
811219
811221
811223
811224
811225
811226
811227
811228
811229
811231
812345
821121
821122
821123
821124
821125
821126
821127
821128
821129
821211
821212
821213
821214
821215
821216
821217
821218
821219
821221
821223
821224
821225
821226
821227
821228
821229
821231
823456
831121
831122
831123
831124
831125
831126
831127
831128
831129
831211
831212
831213
831214
831215
831216
831217
831218
831219
831221
831223
831224
831225
831226
831227
831228
831229
831231
834567
841121
841122
841123
841124
841125
841126
841127
841128
841129
841211
841212
841213
841214
841215
841216
841217
841218
841219
841221
841223
841224
841225
841226
841227
841228
841229
841231
845678
851121
851122
851123
851124
851125
851126
851127
851128
851129
851211
851212
851213
851214
851215
851216
851217
851218
851219
851221
851223
851224
851225
851226
851227
851228
851229
851231
854321
856789
861121
861122
861123
861124
861125
861126
861127
861128
861129
861211
861212
861213
861214
861215
861216
861217
861218
861219
861221
861223
861224
861225
861226
861227
861228
861229
861231
871121
871122
871123
871124
871125
871126
871127
871128
871129
871211
871212
871213
871214
871215
871216
871217
871218
871219
871221
871223
871224
871225
871226
871227
871228
871229
871231
881121
881122
881123
881124
881125
881126
881127
881128
881129
881188
881211
881212
881213
881214
881215
881216
881217
881218
881219
881221
881223
881224
881225
881226
881227
881228
881229
881231
881234
881313
881314
881357
881818
881888
882112
882121
882233
882323
882345
882468
882588
883322
883344
883456
883721
883888
884321
884411
884412
884413
884416
884418
884421
884422
884423
884433
884434
884455
884456
884466
884467
884468
884469
884477
884478
884488
884498
884499
884545
884567
884728
884811
884812
884813
884816
884818
884821
884822
884823
884833
884834
884844
884845
884855
884856
884866
884867
884868
884869
884877
884878
884888
884898
884899
885656
885678
885888
886114
886118
886123
886133
886147
886163
886166
886168
886188
886218
886234
886321
886345
886365
886369
886388
886432
886456
886458
886518
886558
886567
886588
886678
886688
886731
886789
886886
886888
886987
886988
887788
888114
888118
888123
888133
888147
888163
888166
888168
888188
888218
888234
888321
888345
888365
888369
888388
888432
888456
888458
888518
888558
888567
888588
888668
888678
888688
888731
888789
888811
888812
888813
888816
888818
888821
888822
888823
888833
888834
888844
888845
888848
888855
888856
888866
888867
888868
888869
888877
888878
888881
888882
888883
888884
888885
888886
888887
888888
888889
888898
888899
888972
888987
888988
889876
889911
889912
889913
889916
889918
889921
889922
889923
889933
889934
889944
889945
889955
889956
889966
889967
889968
889969
889977
889978
889981
889988
891121
891122
891123
891124
891125
891126
891127
891128
891129
891211
891212
891213
891214
891215
891216
891217
891218
891219
891221
891223
891224
891225
891226
891227
891228
891229
891231
897211
897212
897213
897216
897218
897221
897223
897233
897234
897244
897245
897255
897256
897266
897267
897268
897269
897277
897278
897288
897298
897299
898765
911211
911212
911213
911214
911215
911216
911217
911218
911219
911221
911223
911224
911225
911226
911227
911228
911229
911231
912345
921121
921122
921123
921124
921125
921126
921127
921128
921129
921211
921212
921213
921214
921215
921216
921217
921218
921219
921221
921223
921224
921225
921226
921227
921228
921229
921231
923456
931121
931122
931123
931124
931125
931126
931127
931128
931129
931211
931212
931213
931214
931215
931216
931217
931218
931219
931221
931223
931224
931225
931226
931227
931228
931229
931231
934567
941121
941122
941123
941124
941125
941126
941127
941128
941129
941211
941212
941213
941214
941215
941216
941217
941218
941219
941221
941223
941224
941225
941226
941227
941228
941229
941231
945678
951121
951122
951123
951124
951125
951126
951127
951128
951129
951211
951212
951213
951214
951215
951216
951217
951218
951219
951221
951223
951224
951225
951226
951227
951228
951229
951231
954321
956789
961121
961122
961123
961124
961125
961126
961127
961128
961129
961211
961212
961213
961214
961215
961216
961217
961218
961219
961221
961223
961224
961225
961226
961227
961228
961229
961231
971121
971122
971123
971124
971125
971126
971127
971128
971129
971211
971212
971213
971214
971215
971216
971217
971218
971219
971221
971223
971224
971225
971226
971227
971228
971229
971231
981121
981122
981123
981124
981125
981126
981127
981128
981129
981188
981211
981212
981213
981214
981215
981216
981217
981218
981219
981221
981223
981224
981225
981226
981227
981228
981229
981231
981234
981313
981314
981357
981818
981888
982112
982121
982233
982323
982345
982468
982588
983322
983344
983456
983721
983888
984321
984545
984567
984728
985656
985678
985888
986688
986789
986888
987114
987118
987123
987133
987147
987163
987166
987168
987188
987218
987234
987321
987345
987365
987369
987388
987432
987456
987458
987518
987558
987567
987588
987611
987612
987613
987616
987618
987621
987622
987623
987633
987634
987644
987645
987651
987652
987653
987654
987655
987656
987657
987658
987659
987667
987668
987669
987677
987678
987688
987698
987699
987731
987788
987789
987886
987888
987987
987988
988114
988118
988123
988133
988147
988163
988166
988168
988188
988218
988234
988321
988345
988365
988369
988388
988432
988456
988458
988518
988558
988567
988588
988668
988678
988688
988731
988789
988844
988848
988886
988888
988899
988972
988987
988988
989876
989981
989988
991121
991122
991123
991124
991125
991126
991127
991128
991129
991188
991211
991212
991213
991214
991215
991216
991217
991218
991219
991221
991223
991224
991225
991226
991227
991228
991229
991231
991234
991313
991314
991357
991818
991888
992112
992121
992233
992323
992345
992468
992588
993322
993344
993456
993721
993888
994321
994545
994567
994728
995656
995678
995888
996688
996789
996888
997788
998112
998113
998116
998118
998121
998122
998123
998133
998134
998144
998145
998155
998156
998166
998167
998168
998169
998177
998178
998188
998198
998199
998765
998811
998812
998813
998816
998818
998821
998822
998823
998833
998834
998844
998845
998848
998855
998856
998866
998867
998868
998869
998877
998878
998888
998898
998899
998972
